<?xml version="1.0"?>
<opencv_storage>
<cam_reprojection_error>1.7656885044456924e-001</cam_reprojection_error>
<cam_reprojection_error2>1.6410164125396737e-001</cam_reprojection_error2>
<proj_reprojection_error>3.5429230776490483e-001</proj_reprojection_error>
<proj_reprojection_error2>4.8228428838441945e-001</proj_reprojection_error2>
<stereo_reprojection_error>3.3047081943089474e-001</stereo_reprojection_error>
<cam_K type_id="opencv-matrix">
  <rows>3</rows>
  <cols>3</cols>
  <dt>d</dt>
  <data>
    1.9013471078543319e+003 0. 9.5663099301465411e+002 0.
    1.8985104729797799e+003 5.5912661296514443e+002 0. 0. 1.</data></cam_K>
<cam_dist type_id="opencv-matrix">
  <rows>1</rows>
  <cols>5</cols>
  <dt>d</dt>
  <data>
    1.4494990041609410e-002 -8.7732335776880374e-002
    -7.2971909706169037e-004 -2.0397817128013913e-003 0.</data></cam_dist>
<cam_R>
  <_ type_id="opencv-matrix">
    <rows>3</rows>
    <cols>1</cols>
    <dt>d</dt>
    <data>
      -5.1628301588729242e-001 -5.9519320229964610e-002
      -3.0882502328227224e+000</data></_>
  <_ type_id="opencv-matrix">
    <rows>3</rows>
    <cols>1</cols>
    <dt>d</dt>
    <data>
      -5.4633293321857745e-001 -7.3483903421197233e-002
      -3.0893107907334154e+000</data></_>
  <_ type_id="opencv-matrix">
    <rows>3</rows>
    <cols>1</cols>
    <dt>d</dt>
    <data>
      -5.4739827902787874e-001 -3.5493287816661806e-001
      -3.0302692731932548e+000</data></_>
  <_ type_id="opencv-matrix">
    <rows>3</rows>
    <cols>1</cols>
    <dt>d</dt>
    <data>
      -5.2680898156459766e-001 -1.8218624511939635e-001
      -3.0632217415116592e+000</data></_>
  <_ type_id="opencv-matrix">
    <rows>3</rows>
    <cols>1</cols>
    <dt>d</dt>
    <data>
      -3.2110437037313083e-001 -1.0851481963463133e-001
      -3.1123253362932677e+000</data></_>
  <_ type_id="opencv-matrix">
    <rows>3</rows>
    <cols>1</cols>
    <dt>d</dt>
    <data>
      4.0988973431528075e-001 3.7582294138358086e-001
      2.7224916458624113e+000</data></_>
  <_ type_id="opencv-matrix">
    <rows>3</rows>
    <cols>1</cols>
    <dt>d</dt>
    <data>
      4.5197105752994060e-001 2.0224631789757644e-001
      2.6258270808578872e+000</data></_>
  <_ type_id="opencv-matrix">
    <rows>3</rows>
    <cols>1</cols>
    <dt>d</dt>
    <data>
      3.8536814470916203e-001 3.5413901973449630e-001
      2.5436343765122889e+000</data></_>
  <_ type_id="opencv-matrix">
    <rows>3</rows>
    <cols>1</cols>
    <dt>d</dt>
    <data>
      -3.2661112398733888e-001 -8.1518211837391358e-002
      -2.7022500768029389e+000</data></_>
  <_ type_id="opencv-matrix">
    <rows>3</rows>
    <cols>1</cols>
    <dt>d</dt>
    <data>
      -2.0819040389892726e-001 -2.3231269279147593e-001
      -2.6191426598418794e+000</data></_>
  <_ type_id="opencv-matrix">
    <rows>3</rows>
    <cols>1</cols>
    <dt>d</dt>
    <data>
      -4.9077065981149265e-001 -1.5904875434108321e-002
      -3.0969005358125732e+000</data></_>
  <_ type_id="opencv-matrix">
    <rows>3</rows>
    <cols>1</cols>
    <dt>d</dt>
    <data>
      -5.2413804712497902e-001 -7.6718556370493574e-002
      -3.0942067670924822e+000</data></_>
  <_ type_id="opencv-matrix">
    <rows>3</rows>
    <cols>1</cols>
    <dt>d</dt>
    <data>
      -5.2277503240661216e-001 -1.0463282262346923e-001
      -3.0802089884667416e+000</data></_>
  <_ type_id="opencv-matrix">
    <rows>3</rows>
    <cols>1</cols>
    <dt>d</dt>
    <data>
      -9.8572497298438988e-001 3.4867794090602408e-002
      -2.9765498123740746e+000</data></_>
  <_ type_id="opencv-matrix">
    <rows>3</rows>
    <cols>1</cols>
    <dt>d</dt>
    <data>
      -1.1661532357571158e+000 4.5678793397764546e-002
      -2.9124688533150533e+000</data></_>
  <_ type_id="opencv-matrix">
    <rows>3</rows>
    <cols>1</cols>
    <dt>d</dt>
    <data>
      1.1634998313841776e+000 -5.8087241288152291e-002
      2.9108775528620230e+000</data></_>
  <_ type_id="opencv-matrix">
    <rows>3</rows>
    <cols>1</cols>
    <dt>d</dt>
    <data>
      1.1914831500759362e-001 1.1102550751331054e-001
      3.1297814071000047e+000</data></_>
  <_ type_id="opencv-matrix">
    <rows>3</rows>
    <cols>1</cols>
    <dt>d</dt>
    <data>
      1.0217094416322205e-001 1.1608419288951721e-001
      3.1359763731061014e+000</data></_>
  <_ type_id="opencv-matrix">
    <rows>3</rows>
    <cols>1</cols>
    <dt>d</dt>
    <data>
      1.7168807689598387e-001 2.0101015910930841e-002
      3.1350133381973642e+000</data></_>
  <_ type_id="opencv-matrix">
    <rows>3</rows>
    <cols>1</cols>
    <dt>d</dt>
    <data>
      -5.2896614075494675e-001 -3.0023776929022278e-001
      -3.0433917408681110e+000</data></_></cam_R>
