<?xml version="1.0"?>
<opencv_storage>
<cam_reprojection_error>1.5447238502156828e+000</cam_reprojection_error>
<cam_reprojection_error2>1.3086624299808005e+000</cam_reprojection_error2>
<proj_reprojection_error>1.3011352846330677e+000</proj_reprojection_error>
<proj_reprojection_error2>1.5961708512888955e+000</proj_reprojection_error2>
<stereo_reprojection_error>1.5606779818140180e+000</stereo_reprojection_error>
<cam_K type_id="opencv-matrix">
  <rows>3</rows>
  <cols>3</cols>
  <dt>d</dt>
  <data>
    6.8942887293985075e+002 0. 9.8205845567753124e+002 0.
    6.8194583924001495e+002 5.1670480382388439e+002 0. 0. 1.</data></cam_K>
<cam_dist type_id="opencv-matrix">
  <rows>1</rows>
  <cols>5</cols>
  <dt>d</dt>
  <data>
    -3.9560395658957713e-002 -2.4427745339235109e-003
    1.5579730232477644e-003 4.9096863494503054e-003 0.</data></cam_dist>
<cam_R>
  <_ type_id="opencv-matrix">
    <rows>3</rows>
    <cols>1</cols>
    <dt>d</dt>
    <data>
      -2.0966557882035119e-001 2.0070189380972700e-001
      5.2435138299961784e-002</data></_>
  <_ type_id="opencv-matrix">
    <rows>3</rows>
    <cols>1</cols>
    <dt>d</dt>
    <data>
      -2.2868899751637589e-001 2.5545128738503170e-001
      5.9764035204611883e-002</data></_>
  <_ type_id="opencv-matrix">
    <rows>3</rows>
    <cols>1</cols>
    <dt>d</dt>
    <data>
      -2.8405075358237358e-001 1.7246306678178464e-001
      5.5794786594908781e-002</data></_>
  <_ type_id="opencv-matrix">
    <rows>3</rows>
    <cols>1</cols>
    <dt>d</dt>
    <data>
      -1.0383050029900934e-001 2.5840462054777558e-001
      3.4019370806596679e-002</data></_>
  <_ type_id="opencv-matrix">
    <rows>3</rows>
    <cols>1</cols>
    <dt>d</dt>
    <data>
      -1.0228118418399840e-001 -5.6662748509816264e-002
      5.5137786721757780e-002</data></_>
  <_ type_id="opencv-matrix">
    <rows>3</rows>
    <cols>1</cols>
    <dt>d</dt>
    <data>
      -1.1341474270610054e-001 -3.0051357371591175e-002
      5.9269581922048481e-002</data></_>
  <_ type_id="opencv-matrix">
    <rows>3</rows>
    <cols>1</cols>
    <dt>d</dt>
    <data>
      -1.2995797477104906e-001 1.8983838504392558e-001
      5.2032763519159801e-002</data></_>
  <_ type_id="opencv-matrix">
    <rows>3</rows>
    <cols>1</cols>
    <dt>d</dt>
    <data>
      -1.3474097772637339e-001 2.7954776050019542e-001
      5.8588275208497256e-002</data></_>
  <_ type_id="opencv-matrix">
    <rows>3</rows>
    <cols>1</cols>
    <dt>d</dt>
    <data>
      -9.4926783127089367e-002 1.7530178517486528e-001
      3.7308117576074419e-002</data></_>
  <_ type_id="opencv-matrix">
    <rows>3</rows>
    <cols>1</cols>
    <dt>d</dt>
    <data>
      -3.7517897585599858e-001 -2.9077086977841049e-001
      -9.5785774674367152e-001</data></_>
  <_ type_id="opencv-matrix">
    <rows>3</rows>
    <cols>1</cols>
    <dt>d</dt>
    <data>
      -4.5471254054206028e-001 -3.6936746655907887e-001
      -6.4103786770586535e-001</data></_>
  <_ type_id="opencv-matrix">
    <rows>3</rows>
    <cols>1</cols>
    <dt>d</dt>
    <data>
      -5.1548944594204804e-001 7.7349611553719846e-002
      -7.3776815485928648e-001</data></_>
  <_ type_id="opencv-matrix">
    <rows>3</rows>
    <cols>1</cols>
    <dt>d</dt>
    <data>
      -1.2741509057372580e-001 2.9877232280068982e-002
      4.6938966029925602e-002</data></_>
  <_ type_id="opencv-matrix">
    <rows>3</rows>
    <cols>1</cols>
    <dt>d</dt>
    <data>
      -9.9646251733964686e-002 7.3611754594082501e-001
      2.4947943986942810e-003</data></_>
  <_ type_id="opencv-matrix">
    <rows>3</rows>
    <cols>1</cols>
    <dt>d</dt>
    <data>
      -9.7300477805192312e-002 5.9821224367941650e-001
      1.0242485061264473e-002</data></_>
  <_ type_id="opencv-matrix">
    <rows>3</rows>
    <cols>1</cols>
    <dt>d</dt>
    <data>
      -5.6962821779117524e-002 3.7299127443877589e-001
      1.9221987822972138e-002</data></_>
  <_ type_id="opencv-matrix">
    <rows>3</rows>
    <cols>1</cols>
    <dt>d</dt>
    <data>
      -7.7565225201039589e-002 2.5846397364550427e-001
      3.3841922300092524e-002</data></_>
  <_ type_id="opencv-matrix">
    <rows>3</rows>
    <cols>1</cols>
    <dt>d</dt>
    <data>
      -1.2881493640900338e-001 3.8044000366798864e-002
      5.3843639983731192e-002</data></_>
  <_ type_id="opencv-matrix">
    <rows>3</rows>
    <cols>1</cols>
    <dt>d</dt>
    <data>
      -1.0707367591604587e-001 -1.8158482978094223e-001
      7.1626066541991107e-002</data></_>
  <_ type_id="opencv-matrix">
    <rows>3</rows>
    <cols>1</cols>
    <dt>d</dt>
    <data>
      -1.5832803070587564e-001 4.2828169199594668e-001
      4.3171267726304337e-003</data></_></cam_R>
