<?xml version="1.0"?>
<opencv_storage>
<cam_reprojection_error>3.5966035879399477e-001</cam_reprojection_error>
<cam_reprojection_error2>3.1187499845713501e-001</cam_reprojection_error2>
<proj_reprojection_error>3.3345673793886288e-001</proj_reprojection_error>
<proj_reprojection_error2>4.2485472284914816e-001</proj_reprojection_error2>
<stereo_reprojection_error>3.9905833255384449e-001</stereo_reprojection_error>
<cam_K type_id="opencv-matrix">
  <rows>3</rows>
  <cols>3</cols>
  <dt>d</dt>
  <data>
    2.1752156608720120e+003 0. 9.7614989391334996e+002 0.
    2.1682495527640217e+003 6.3214843168381503e+002 0. 0. 1.</data></cam_K>
<cam_dist type_id="opencv-matrix">
  <rows>1</rows>
  <cols>5</cols>
  <dt>d</dt>
  <data>
    -1.6065832312072845e-001 2.3821852574301119e-001
    1.0895365667788358e-003 4.4004518444183547e-004 0.</data></cam_dist>
<cam_R>
  <_ type_id="opencv-matrix">
    <rows>3</rows>
    <cols>1</cols>
    <dt>d</dt>
    <data>
      5.1368833450954210e-001 -7.6565889153138070e-002
      -3.0808738608809429e+000</data></_>
  <_ type_id="opencv-matrix">
    <rows>3</rows>
    <cols>1</cols>
    <dt>d</dt>
    <data>
      4.7845940942251963e-001 -1.7381722681636333e-002
      -3.0855442687482806e+000</data></_>
  <_ type_id="opencv-matrix">
    <rows>3</rows>
    <cols>1</cols>
    <dt>d</dt>
    <data>
      4.6233592603698503e-001 -3.1569634527208318e-002
      -3.0874607633596218e+000</data></_>
  <_ type_id="opencv-matrix">
    <rows>3</rows>
    <cols>1</cols>
    <dt>d</dt>
    <data>
      4.0047080826060266e-001 6.6448612052070352e-002
      -3.0871061522042411e+000</data></_>
  <_ type_id="opencv-matrix">
    <rows>3</rows>
    <cols>1</cols>
    <dt>d</dt>
    <data>
      4.3003642244077250e-001 6.5776913106482551e-002
      -3.0854980608535563e+000</data></_>
  <_ type_id="opencv-matrix">
    <rows>3</rows>
    <cols>1</cols>
    <dt>d</dt>
    <data>
      5.6791571124574070e-001 -7.3567330136860301e-002
      -3.0802198539842527e+000</data></_>
  <_ type_id="opencv-matrix">
    <rows>3</rows>
    <cols>1</cols>
    <dt>d</dt>
    <data>
      -1.1427443572979228e+000 1.7697123551067173e-001
      2.8632236678840939e+000</data></_>
  <_ type_id="opencv-matrix">
    <rows>3</rows>
    <cols>1</cols>
    <dt>d</dt>
    <data>
      1.2672617290258745e+000 7.3478867403753256e-002
      -2.8627091280536838e+000</data></_>
  <_ type_id="opencv-matrix">
    <rows>3</rows>
    <cols>1</cols>
    <dt>d</dt>
    <data>
      -9.7541794824194383e-001 -1.0319020030814323e-001
      -2.8829633301621009e+000</data></_>
  <_ type_id="opencv-matrix">
    <rows>3</rows>
    <cols>1</cols>
    <dt>d</dt>
    <data>
      -5.7460149681847739e-001 -1.4594449680213983e-001
      -3.0034658952915025e+000</data></_>
  <_ type_id="opencv-matrix">
    <rows>3</rows>
    <cols>1</cols>
    <dt>d</dt>
    <data>
      4.7830487648563974e-001 3.2659853803697785e-002
      -3.0827046341187874e+000</data></_>
  <_ type_id="opencv-matrix">
    <rows>3</rows>
    <cols>1</cols>
    <dt>d</dt>
    <data>
      4.9208815548233253e-001 -2.3134451170570520e-002
      -3.0875792254402987e+000</data></_>
  <_ type_id="opencv-matrix">
    <rows>3</rows>
    <cols>1</cols>
    <dt>d</dt>
    <data>
      5.0785937292266070e-001 -3.0116402514245542e-002
      -3.0857784608024565e+000</data></_>
  <_ type_id="opencv-matrix">
    <rows>3</rows>
    <cols>1</cols>
    <dt>d</dt>
    <data>
      2.3637303445463537e-001 3.2481450009724758e-002
      -3.0996612679731546e+000</data></_>
  <_ type_id="opencv-matrix">
    <rows>3</rows>
    <cols>1</cols>
    <dt>d</dt>
    <data>
      3.8327518981272540e-001 1.2631446015793609e-002
      -3.0915250462680741e+000</data></_>
  <_ type_id="opencv-matrix">
    <rows>3</rows>
    <cols>1</cols>
    <dt>d</dt>
    <data>
      -1.1330627980523711e+000 3.6134644987408454e-002
      2.9115280403227586e+000</data></_>
  <_ type_id="opencv-matrix">
    <rows>3</rows>
    <cols>1</cols>
    <dt>d</dt>
    <data>
      -1.3644102929329319e-001 -1.1425273909996875e-001
      -3.0889788957640358e+000</data></_></cam_R>
<cam_T>
  <_ type_id="opencv-matrix">
    <rows>3</rows>
    <cols>1</cols>
    <dt>d</dt>
    <data>
      3.6231917981552078e+002 7.9896637971971728e+001
      9.8741498582791121e+002</data></_>
  <_ type_id="opencv-matrix">
    <rows>3</rows>
    <cols>1</cols>
    <dt>d</dt>
    <data>
      1.2998030524103834e+002 7.5547472443433733e+001
      9.0757482966585621e+002</data></_>
  <_ type_id="opencv-matrix">
    <rows>3</rows>
    <cols>1</cols>
    <dt>d</dt>
    <data>
      -8.3679518400975951e+001 7.2468408385339231e+001
      8.3258861058798766e+002</data></_>
  <_ type_id="opencv-matrix">
    <rows>3</rows>
    <cols>1</cols>
    <dt>d</dt>
    <data>
      2.8835810741761335e+001 7.9912906751504508e+001
      6.8158822227087001e+002</data></_>
  <_ type_id="opencv-matrix">
    <rows>3</rows>
    <cols>1</cols>
    <dt>d</dt>
    <data>
      2.0930347026603116e+002 8.2917418800772296e+001
      7.2943474696848182e+002</data></_>
  <_ type_id="opencv-matrix">
    <rows>3</rows>
    <cols>1</cols>
    <dt>d</dt>
    <data>
      2.8425022381949964e+002 8.2843043028702994e+001
      7.5581894244991065e+002</data></_>
  <_ type_id="opencv-matrix">
    <rows>3</rows>
    <cols>1</cols>
    <dt>d</dt>
    <data>
      2.4315282751699095e+002 7.9004245272796126e+001
      8.0714884921284295e+002</data></_>
  <_ type_id="opencv-matrix">
    <rows>3</rows>
    <cols>1</cols>
    <dt>d</dt>
    <data>
      6.6616338730612895e+001 7.3555453609153687e+001
      8.1381034572902570e+002</data></_>
  <_ type_id="opencv-matrix">
    <rows>3</rows>
    <cols>1</cols>
    <dt>d</dt>
    <data>
      1.3833679138842925e+002 8.5752217339849466e+001
      6.3287015615825374e+002</data></_>
  <_ type_id="opencv-matrix">
    <rows>3</rows>
    <cols>1</cols>
    <dt>d</dt>
    <data>
      -4.0431560423436572e+001 7.9495239887419118e+001
      6.4186353267289940e+002</data></_>
  <_ type_id="opencv-matrix">
    <rows>3</rows>
    <cols>1</cols>
    <dt>d</dt>
    <data>
      -5.1697490366795968e+001 -3.2144147947691202e+001
      8.3665848764545285e+002</data></_>
  <_ type_id="opencv-matrix">
    <rows>3</rows>
    <cols>1</cols>
    <dt>d</dt>
    <data>
      1.5341686121053107e+002 -2.7019646602134554e+001
      9.1191154817117331e+002</data></_>
  <_ type_id="opencv-matrix">
    <rows>3</rows>
    <cols>1</cols>
    <dt>d</dt>
    <data>
      3.6570796824409206e+002 -2.3665294517485119e+001
      9.8808380189299805e+002</data></_>
  <_ type_id="opencv-matrix">
    <rows>3</rows>
    <cols>1</cols>
    <dt>d</dt>
    <data>
      1.8291438857700180e+002 -1.9503036976882260e+001
      7.3982720781668559e+002</data></_>
  <_ type_id="opencv-matrix">
    <rows>3</rows>
    <cols>1</cols>
    <dt>d</dt>
    <data>
      5.8024441592561704e+000 -2.3054492828709591e+001
      6.9845224320234342e+002</data></_>
  <_ type_id="opencv-matrix">
    <rows>3</rows>
    <cols>1</cols>
    <dt>d</dt>
    <data>
      1.0184100493211011e+002 -2.8518353254523355e+001
      8.4533517562968325e+002</data></_>
  <_ type_id="opencv-matrix">
    <rows>3</rows>
    <cols>1</cols>
    <dt>d</dt>
    <data>
      2.2166611909748994e+002 -1.8543383077643444e+001
      7.4770145897551208e+002</data></_></cam_T>
<proj_K type_id="opencv-matrix">
  <rows>3</rows>
  <cols>3</cols>
  <dt>d</dt>
  <data>
    2.0034019207331112e+003 0. 5.9828849248125755e+002 0.
    1.9978069073126053e+003 8.1237570067638740e+002 0. 0. 1.</data></proj_K>
<proj_dist type_id="opencv-matrix">
  <rows>1</rows>
  <cols>5</cols>
  <dt>d</dt>
  <data>
    1.1902703072473531e-001 -3.0544507109626889e-001
    1.8026012687928456e-003 -3.5219588088800422e-004 0.</data></proj_dist>
